4648
4125
5271
2075
5706
6365
2815
6123
3621
2536
5841
2819
3421

19400
15923
4719
19889

15442
24965
20121

12765
6225
9594
3324
10745

9550

3573
6393
7665
8995
4214
7717
1278

8653
5104
3346
4537
1870
8001
2938
4618
6738
2912

3315
1537
10677
9986
6898
9306
7037
1489

6055
5329
1855
2859
6953
2772
5646
4659
1638
4294
2050
5063

66765

3712
3030
8171
2898
8367
10670
4897

5012
5099
4827
3947
6708
1704
3714
2225
4425
2528
2396
1261

5626
2971
12919
16816

4547
12905
11292
18931

3530
9875
4672
3897
8547
3293
4835

43142

24258
9997
21496
